                       Cetnew data (Questions: 14.4)
---------------------------------------------------------------------------
X1  2.72
X2  1.20  3.78
X3  0.82  0.70  1.70
X4  0.92  1.04  0.59  3.09
X5  1.19  1.06  0.83  1.06  2.94
X6  1.00  1.32  1.08  0.93  1.36  2.94
X7  1.45  1.31  1.01  1.47  1.66  1.56  3.11
Y1  0.68  0.56  0.65  0.62  0.68  0.90  1.03  1.71
Y2  0.98  1.00  0.78  1.26  1.16  1.23  1.70  0.99  3.07
Y3  0.57  0.79  0.66  0.51  0.77  0.78  0.81  0.65  0.61  2.87
Y4  1.07  1.13  0.93  0.94  1.37  1.65  1.63  0.86  1.43  1.04  2.83
Y5  0.91  1.38  0.77  0.85  1.11  1.31  1.44  0.72  1.28  0.84  1.60  4.01
---------------------------------------------------------------------------
